Start at: 2025-06-30 22:44:51.176111
SNR_dB_outage=[0, 5, 10, 15, 20, 25, 30, 35, 40, 45, 50, 55, 60]
	OP_NU_ISAC=[1.0, 0.9896, 0.4282, 0.1625, 0.0596, 0.0188, 0.0065, 0.003, 0.0009, 0.0002, 0.0001, 0.0, 0.0]
	OP_FU_ISAC=[1.0, 1.0, 0.9502, 0.5486, 0.1866, 0.0619, 0.0176, 0.0065, 0.0026, 0.0004, 0.0001, 0.0, 0.0]
	OP_NU_FDSAC=[1.0, 0.8162, 0.2641, 0.0795, 0.0273, 0.0076, 0.0028, 0.001, 0.0004, 0.0, 0.0, 0.0, 0.0]
	OP_FU_FDSAC=[1.0, 1.0, 0.9585, 0.3634, 0.1139, 0.0391, 0.011, 0.0041, 0.0014, 0.0004, 0.0, 0.0, 0.0]
SNR_dB_sensing=[-20, -15, -10, -5, 0, 5, 10, 15, 20]
	sensing_rate_ISAC_sim=[0.19611281863738667, 0.42192802564303383, 0.7500631363879088, 1.1442729185574447, 1.5697605493278348, 2.0064300458507636, 2.447721626802779, 2.8900482055821564, 3.3329927843175113]
	sensing_rate_FDSAC_sim=[0.09805640931869333, 0.21096401282151692, 0.3750315681939544, 0.5721364592787224, 0.7848802746639174, 1.0032150229253818, 1.2238608134013895, 1.4450241027910782, 1.6664963921587557]
SNR_dB_outage=[0, 5, 10, 15, 20, 25, 30, 35, 40, 45, 50, 55, 60]
	ECR_NU_ISAC=[0.15636602931862376, 0.43101255685866247, 1.018255797101566, 1.9892758609679608, 3.284010672399852, 4.737787986964656, 6.3297581989278004, 7.9470541337116245, 9.622078026419507, 11.229897654372502, 12.880066965736559, 14.584333008990379, 16.198794375108417]
	ECR_FU_ISAC=[0.058067166296059805, 0.1653575778943448, 0.4002601022623698, 0.7515499107262611, 1.0759220311499815, 1.2913140466037596, 1.409261624479947, 1.4544197363670623, 1.4760430131081594, 1.487526114047617, 1.4891084465006204, 1.488035741791712, 1.494020258004816]
	ECR_NU_FDSAC=[0.09800687072374155, 0.2643321502411953, 0.6043382702186771, 1.1414892353791517, 1.8291922705972783, 2.5845882240340106, 3.39609673026263, 4.211277509988717, 5.053271423382236, 5.860014964697114, 6.6850505946886285, 7.536367461281753, 8.346476812134899]
	ECR_FU_FDSAC=[0.023273822362293677, 0.07093942049255192, 0.19988932265611956, 0.48561741769510725, 0.9571543677796545, 1.5943391488993328, 2.3565509592841813, 3.1408211991995865, 3.955816326093769, 4.789839673947288, 5.611159957337768, 6.442043934482656, 7.2680340077974455]
sum_ECR_ISAC_mu=[0.5985255175891568, 0.5958502475949078, 0.5994749602185364, 0.5961867725994054, 0.5982529554265575, 0.5956637614108173, 0.6025732391351392, 0.5940520337409724, 0.5961523390198228, 0.6004912065062381, 0.5976412402660402, 0.600437483023744, 0.5975830858453745, 0.6006685534020453, 0.5945599484749393, 0.596477071547675, 0.6010477659298687, 0.5973506867302592, 0.5950488654113831, 0.6015938283371862, 0.5999395001439554]	sensing_rate_ISAC_mu=[2.0069517299989266, 2.0065682723060543, 2.0062900972093476, 2.0065917823589197, 2.006720329279789, 2.0069158241550764, 2.0065278807229925, 2.006553816036851, 2.0068005163424365, 2.0067411758488576, 2.0069074801308155, 2.0067538063069823, 2.0066153355297387, 2.006621702611502, 2.006699859518323, 2.006727933995094, 2.006645805676507, 2.006672754820871, 2.0066474554868616, 2.006728134082177, 2.006883131982336]
sum_ECR_FDSAC_mu=[0.0, 0.04050488952081224, 0.07953661066283842, 0.1155459833372346, 0.1513392084175219, 0.18416307443573374, 0.21903287048289188, 0.24687644880058793, 0.2777996218907623, 0.3089669202984218, 0.3361126968005583, 0.3652610476055532, 0.38941895063824855, 0.41791790869977463, 0.43893167113563425, 0.46418246823853754, 0.4925201165696899, 0.5125109433624537, 0.5335484951171955, 0.5611108213101345, 0.5815073515846916]	sensing_rate_FDSAC_mu=[1.136121235987976, 1.1260970721130783, 1.1155970521175278, 1.1047991565602224, 1.0932532062500675, 1.0809945157715355, 1.0675936965334307, 1.053427203700713, 1.0382422843563135, 1.0215793316380184, 1.0034537400654078, 0.9832623370539031, 0.9607271137596477, 0.9352890612310061, 0.9060008505338024, 0.8713977230278124, 0.8291090884920758, 0.7749033166457497, 0.6991075038896135, 0.5721810832693114, 0.0]
Stop at: 2025-06-30 22:45:15.239062
