2222
SNR_dB_outage=[0, 5, 10, 15, 20, 25, 30, 35, 40, 45, 50, 55, 60]
	OP_NU_ISAC=[1.0, 0.9989, 0.5203, 0.1671, 0.0538, 0.0164, 0.0061, 0.0011, 0.0003, 0.0002, 0.0001, 0.0, 0.0]
	OP_FU_ISAC=[1.0, 1.0, 0.9277, 0.3396, 0.1046, 0.0339, 0.0104, 0.0025, 0.0014, 0.0004, 0.0001, 0.0, 0.0001]
	OP_NU_FDSAC=[1.0, 0.8125, 0.2555, 0.0838, 0.0266, 0.0085, 0.0027, 0.0009, 0.0002, 0.0001, 0.0001, 0.0, 0.0]
	OP_FU_FDSAC=[1.0, 1.0, 0.9591, 0.3728, 0.1155, 0.0364, 0.0112, 0.0029, 0.0019, 0.0004, 0.0001, 0.0, 0.0001]
SNR_dB_sensing=[-20, -15, -10, -5, 0, 5, 10, 15, 20]
	sensing_rate_ISAC_sim=[0.19611281863738667, 0.42192802564303383, 0.7500631363879088, 1.1442729185574447, 1.5697605493278348, 2.0064300458507636, 2.447721626802779, 2.8900482055821564, 3.3329927843175113]
	sensing_rate_FDSAC_sim=[0.09805640931869333, 0.21096401282151692, 0.3750315681939544, 0.5721364592787224, 0.7848802746639174, 1.0032150229253818, 1.2238608134013895, 1.4450241027910782, 1.6664963921587557]
SNR_dB_outage=[0, 5, 10, 15, 20, 25, 30, 35, 40, 45, 50, 55, 60]
	ECR_NU_ISAC=[0.10334443365203508, 0.2957460374381862, 0.7555754057920915, 1.5944119925482334, 2.7799372405789002, 4.247936347826176, 5.808145465871549, 7.4230248992685945, 9.0788863873058, 10.68814805332509, 12.393092030981402, 14.057563910035134, 15.72052786698112]
	ECR_FU_ISAC=[0.06668065719258397, 0.18989579510377658, 0.4625033068302946, 0.9004957198528586, 1.3510863699449451, 1.6702995630558453, 1.8496102331666293, 1.9330558090742564, 1.964146105235137, 1.9768963341534864, 1.9820148544743406, 1.9848932890904856, 1.9849477302285206]
	ECR_NU_FDSAC=[0.09893757130794724, 0.2646277433260729, 0.6092357286081654, 1.1433626932985281, 1.8169072011141234, 2.594566597592713, 3.3941086367427475, 4.212828522756553, 5.042989708876618, 5.8477559207558905, 6.7011580120502385, 7.534080465391765, 8.365257195248086]
	ECR_FU_FDSAC=[0.0234798069346522, 0.0709136930644938, 0.1970673378391429, 0.48075718822190044, 0.9576030997778283, 1.6016892503422417, 2.3597422242179267, 3.1402346025354038, 3.9728268172421553, 4.792963576019465, 5.613002422947429, 6.436631321777647, 7.272222468331405]
sum_ECR_ISAC_mu=[0.48676728391772933, 0.48527611248677194, 0.4868330061999052, 0.4840142957391602, 0.48726067396595946, 0.4862645521269922, 0.48630862384258644, 0.487959853787346, 0.48275663757733156, 0.4857779866946754, 0.48738551129244106, 0.4867930483711225, 0.484782363271952, 0.48521192183350925, 0.48473081181550226, 0.4872770237286136, 0.485330771066677, 0.488010130557742, 0.4836334997485462, 0.4824887550702345, 0.48582473597267817]	sensing_rate_ISAC_mu=[2.0069517299989266, 2.0065682723060543, 2.0062900972093476, 2.0065917823589197, 2.006720329279789, 2.0069158241550764, 2.0065278807229925, 2.006553816036851, 2.0068005163424365, 2.0067411758488576, 2.0069074801308155, 2.0067538063069823, 2.0066153355297387, 2.006621702611502, 2.006699859518323, 2.006727933995094, 2.006645805676507, 2.006672754820871, 2.0066474554868616, 2.006728134082177, 2.006883131982336]
sum_ECR_FDSAC_mu=[0.0, 0.04065274616370687, 0.07948432831922624, 0.11560737619095686, 0.15136269716427825, 0.1845962977703426, 0.21738932592705673, 0.24972194350751636, 0.27618244251242585, 0.30755124465681466, 0.3369466239669453, 0.3649414961116184, 0.3892304066811293, 0.415758631285044, 0.4410730213790655, 0.4673327015682748, 0.4885927274092448, 0.5166789789670183, 0.5329568320145868, 0.5543613648251302, 0.579421714116335]	sensing_rate_FDSAC_mu=[1.136121235987976, 1.1260970721130783, 1.1155970521175278, 1.1047991565602224, 1.0932532062500675, 1.0809945157715355, 1.0675936965334307, 1.053427203700713, 1.0382422843563135, 1.0215793316380184, 1.0034537400654078, 0.9832623370539031, 0.9607271137596477, 0.9352890612310061, 0.9060008505338024, 0.8713977230278124, 0.8291090884920758, 0.7749033166457497, 0.6991075038896135, 0.5721810832693114, 0.0]
2222
